apce_12x8

2 5.50

0.4 5.8
-0.4  1.4

0.028  0.050  0.020 0.5
70000 -0.7

0.0254 0.0254 1.0
0. 0. 0.


1.1 0.7846 47.2169
1.17 0.803 46.1031
1.24 0.8232 44.9461
1.31 0.8456 43.7544
1.38 0.8699	42.5254
1.45 0.8964	41.2569
1.52 0.9241	39.9515
1.5952 0.9516 38.5962
1.7295 0.9945 36.3601
1.869 1.031	34.2644
2.0085 1.0597 32.3717
2.148 1.081 30.6577
2.2875 1.0953 29.1008
2.427 1.1031 27.6823
2.5665 1.1047 26.3861
2.706 1.1005 25.1983
2.8455 1.0911 24.1066
2.985 1.0767 23.1006
3.1245 1.0578 22.1712
3.264 1.0348 21.3102
3.4035 1.0082 20.5108
3.543 0.9783 19.767
3.6825 0.9456 19.0732
3.822 0.9104 18.4249
3.9615 0.8732 17.8178
4.101 0.8344 17.2482
4.2405 0.7944 16.7129
4.38 0.7536 16.209
4.5194 0.7125 15.7338
4.6589 0.6714 15.2851
4.7984 0.6308 14.8607
4.9379 0.591 14.4587
5.0774 0.5525 14.0774
5.2169 0.5158 13.7154
5.3564 0.4811 13.3712
5.4959 0.449 13.0436
5.6354 0.4198 12.7313
5.7724 0.3887 12.4387
5.9004 0.2952 12.177
6 0.0023 12.0196